Id,SalePrice
1461,124008.59885809926
1462,163261.7694529931
1463,180119.9901531794
1464,188970.88751485667
1465,178810.43658066864
1466,173672.61047061603
1467,181462.1091034256
1468,165398.07452794746
1469,195316.87709867474
1470,124224.9246134709
1471,204939.23615151065
1472,92115.56425631775
1473,97605.99259179507
1474,152497.92377143068
1475,116756.20784795609
1476,366340.96873130085
1477,242959.74978812414
1478,281350.28999771544
1479,246058.29959224566
1480,539402.8193260528
1481,328471.6702752859
1482,195260.64897010944
1483,166450.09059064116
1484,158420.5627892791
1485,183558.56700769986
1486,192352.35192482482
1487,363118.4204278181
1488,243911.4997220759
1489,188053.74186264214
1490,208307.28132234298
1491,193250.44377637835
1492,73094.83663785478
1493,193495.80001179894
1494,290860.5872752919
1495,298733.8800803265
1496,222793.78846910206
1497,190526.88291682187
1498,166044.31321857302
1499,157977.83603884766
1500,154238.9850981794
1501,182590.7294795767
1502,146952.7616291037
1503,289770.8041024018
1504,220069.7317848387
1505,231103.81949878304
1506,171396.93177654015
1507,241034.3370232636
1508,196061.9104718699
1509,154933.8954195542
1510,149784.26240152528
1511,143819.19147645024
1512,170757.32823489027
1513,144616.23581618024
1514,179727.50887854304
1515,197816.01570873382
1516,153437.93293416032
1517,161809.26030442593
1518,141411.92725744992
1519,220126.50521412236
1520,135691.5168244958
1521,136832.1555574713
1522,167745.2235745811
1523,112876.55915938376
1524,116719.35312130027
1525,119437.29561916343
1526,128408.16667578409
1527,105128.1712316366
1528,131125.6518307624
1529,146012.42930608828
1530,169822.15559811852
1531,101646.2999786956
1532,96423.92454575656
1533,153019.96332596685
1534,121196.9533911433
1535,163125.9239938501
1536,100982.71878864261
1537,74889.69425590544
1538,157689.0344926784
1539,184119.4301263814
1540,113472.88025901253
1541,128094.66339926647
1542,139656.97073034276
1543,220894.2745009395
1544,68698.65514050497
1545,106889.32841366227
1546,131581.99827327701
1547,125040.9092097461
1548,120580.39714793173
1549,99715.63491851224
1550,140069.78399284018
1551,112291.76039025329
1552,132164.4613505522
1553,139435.43367001833
1554,113991.46246884052
1555,172850.90264872796
1556,99769.1535828251
1557,116775.9076634975
1558,95150.31883877944
1559,107335.49525900446
1560,133682.60053471947
1561,174987.25225193583
1562,130612.18141852984
1563,125615.14192597698
1564,154790.18228729346
1565,150878.33799798175
1566,216446.76295035725
1567,73892.52065149484
1568,230751.5720549568
1569,164443.25449286407
1570,135712.83009755792
1571,107262.00615558936
1572,148199.4305303699
1573,230526.52233433063
1574,140840.69404234382
1575,216468.58023848478
1576,223878.9966562243
1577,174694.27680511473
1578,146593.85766242648
1579,140734.99483080674
1580,184547.95185536207
1581,152995.8500360548
1582,123844.14682565018
1583,341378.88097765343
1584,228808.7365508788
1585,141949.95431520545
1586,69640.27819444095
1587,92186.20650022746
1588,146172.2653514091
1589,97351.40981455336
1590,126148.59522045468
1591,87678.22745265922
1592,134733.86050867627
1593,131701.03983456243
1594,136865.97000213878
1595,130962.01446485503
1596,239723.06344889093
1597,182115.3902013915
1598,191440.44154109366
1599,174844.9117714677
1600,166318.90008208284
1601,63337.56527884351
1602,114901.90234789709
1603,75138.01449211882
1604,263387.9060547539
1605,242310.21848009818
1606,168156.67350226673
1607,143398.5273348717
1608,204492.1724955024
1609,184679.90496633702
1610,151059.98380032735
1611,143117.2983783407
1612,164218.1302108123
1613,170330.0836518915
1614,123473.29775607324
1615,83254.23184634108
1616,77080.56626741884
1617,88586.480917895
1618,124815.51542343103
1619,131669.42064998482
1620,172369.5634604262
1621,131589.78121849816
1622,132323.6223733528
1623,292392.61991338874
1624,217836.38540691885
1625,137979.0050228813
1626,167130.7121319639
1627,182961.95445532075
1628,282066.69952848344
1629,165317.6273710305
1630,348882.7463887544
1631,231216.4028243082
1632,252428.79711316526
1633,166274.72934458693
1634,190745.23962611632
1635,186105.4173740241
1636,158975.12068741396
1637,205787.6533830223
1638,192970.29122593813
1639,168858.53817185905
1640,260724.59367308678
1641,177095.01960571963
1642,232303.41492116326
1643,220934.62275302157
1644,210366.92829785217
1645,167841.4959178296
1646,155753.5674732961
1647,172015.49314502932
1648,133316.61479415523
1649,133489.77111157062
1650,114973.57692021273
1651,119860.97868711759
1652,97961.71789614107
1653,97282.3092494977
1654,150153.55913587508
1655,142999.31821917716
1656,150245.9167302343
1657,160466.30714498955
1658,151952.02903640489
1659,123052.19818293683
1660,147786.01235997834
1661,451477.2228727024
1662,407400.1414340372
1663,386230.4632899788
1664,506343.03613336827
1665,300395.9897737683
1666,342987.1502526817
1667,398303.3044090404
1668,331325.6708472043
1669,301323.10180732445
1670,318889.8003741362
1671,261271.03362139003
1672,512901.9018126658
1673,289779.2511742718
1674,251451.17425382463
1675,192442.02597721873
1676,193613.71120359455
1677,235411.0014938488
1678,530286.0269383808
1679,379523.96271953534
1680,337982.9593660203
1681,234825.2211199911
1682,314171.4143276487
1683,179498.90258337633
1684,168097.19294999557
1685,171963.16980245238
1686,171482.4860521848
1687,169144.19078710733
1688,191400.73953549468
1689,187291.70239034778
1690,185698.77164441044
1691,178558.9397104029
1692,255709.77004751362
1693,162025.18009801483
1694,181548.33141429434
1695,162311.50893331014
1696,283133.2863173382
1697,164168.75626507206
1698,368472.3051258794
1699,322520.1614219235
1700,254776.0906380138
1701,276557.63667979836
1702,264490.88121628226
1703,258221.95441841878
1704,308697.3996427694
1705,228343.36235427886
1706,484355.2219262684
1707,217315.5172071624
1708,209882.91412299892
1709,281148.8525079373
1710,209121.09482924556
1711,250993.5087131375
1712,261881.20826141117
1713,278918.09646863077
1714,223599.28810173497
1715,205664.58343464826
1716,174574.18703566902
1717,167739.34696949003
1718,137442.53979459748
1719,198302.64674805323
1720,250933.22015170773
1721,155006.82235750914
1722,128969.45842615882
1723,157399.03214900655
1724,199610.68018423085
1725,241837.55370484275
1726,182250.618860925
1727,158416.58546101945
1728,181724.30223619833
1729,158931.6413571361
1730,149984.98702834113
1731,123187.16052478048
1732,127306.12181567094
1733,117652.88549719556
1734,122639.78008784293
1735,135294.23844660478
1736,118904.34358888459
1737,339613.16120612266
1738,223719.38311515047
1739,255805.12682779695
1740,215553.19721868561
1741,189701.7805236037
1742,179439.54702202367
1743,175082.83248526373
1744,300207.3788123337
1745,218040.43396931217
1746,211868.47071532995
1747,212924.19496108338
1748,216175.36106372467
1749,155611.9314384998
1750,135431.67856812224
1751,234693.5147702742
1752,124329.44235317543
1753,150100.3999027604
1754,213465.92476403725
1755,173736.91103674716
1756,118990.8459493002
1757,118895.18001146232
1758,144828.27577482452
1759,164660.52313846778
1760,169403.2876560969
1761,151471.53816561613
1762,169519.71897817167
1763,161094.59954818388
1764,117225.34040713387
1765,164210.54083674937
1766,173007.53631064348
1767,221812.94470400043
1768,138763.34624702958
1769,188926.63261405122
1770,151918.38392875006
1771,133486.0276060763
1772,147954.79691222377
1773,134593.52124890426
1774,117528.95813052346
1775,132720.4919920409
1776,123610.99981433834
1777,117584.52791051207
1778,138094.37968623918
1779,114319.95223856201
1780,173259.97541638676
1781,123928.5437202335
1782,92079.00820486796
1783,149306.92141392667
1784,107283.38596644923
1785,114476.32989975251
1786,114085.0090344977
1787,154960.51787677692
1788,56978.30773278279
1789,90396.94013533575
1790,90917.75845954518
1791,198800.76401331747
1792,150439.41585507244
1793,143101.89993151804
1794,144895.01897745358
1795,127847.71475740579
1796,126467.34873028431
1797,126786.17342576927
1798,117487.8235093684
1799,110291.78663990217
1800,133819.90097878812
1801,121783.33178676656
1802,125931.73508378112
1803,158719.56788390805
1804,141338.41670911267
1805,138981.18192643442
1806,112231.6673698301
1807,130510.90327268845
1808,123451.3045101906
1809,121254.37124544418
1810,141554.3255226408
1811,91812.6918005232
1812,94845.71457330494
1813,118067.81493456401
1814,90504.7624952704
1815,52868.18818842363
1816,90025.15784273398
1817,117709.66713446857
1818,135703.4508483214
1819,122983.80477064551
1820,80213.77637691956
1821,94348.1841980903
1822,136621.07316079288
1823,56122.35369939648
1824,130078.18343735569
1825,125369.09818013961
1826,107847.32104886945
1827,111136.24910539929
1828,147008.4313416072
1829,106467.16058878203
1830,133307.71989860767
1831,146190.9461614696
1832,75212.79502034784
1833,150559.7239071726
1834,108634.16030539136
1835,144160.5383497065
1836,125959.18967648302
1837,80313.57167497081
1838,117100.96236454457
1839,98605.31167670983
1840,164825.42480531326
1841,170067.01254750707
1842,117021.51472777803
1843,132878.5145462284
1844,134190.6834238042
1845,150760.838104742
1846,168199.35428763513
1847,182174.60898759306
1848,63892.3693686936
1849,117884.01504801227
1850,113081.61505058434
1851,148488.8515886983
1852,116303.75921104167
1853,142513.4522472486
1854,164873.9607387492
1855,146509.28503310966
1856,232727.09667185278
1857,127901.45200111513
1858,135457.3112206499
1859,114930.04823045706
1860,160203.49950687235
1861,111831.51046142215
1862,279144.98161794763
1863,270983.99087671755
1864,270983.99087671755
1865,305249.1930923813
1866,324378.42660367064
1867,235715.41873666082
1868,321533.17505714146
1869,210316.20425064777
1870,235284.5622979566
1871,242914.16163303313
1872,171078.70611231946
1873,244627.01475994836
1874,136732.9036119055
1875,198327.772536015
1876,197768.90032664745
1877,207884.15040765255
1878,208517.768152595
1879,138073.40405926493
1880,134859.90807706665
1881,218651.90618437194
1882,255912.80427166482
1883,193026.472251366
1884,208724.98124360747
1885,256785.8440159425
1886,308262.238720634
1887,214126.26852482068
1888,282590.29420565476
1889,161568.77047649978
1890,112675.18138653254
1891,130383.59378219591
1892,103217.11516857088
1893,129256.30514287834
1894,121496.02065011172
1895,137853.48432380913
1896,125888.98289146218
1897,135075.31366843832
1898,118904.27975990616
1899,139280.37273518273
1900,141615.97150640032
1901,155615.24456925553
1902,149509.97701712255
1903,216910.84249651333
1904,131843.1403901521
1905,186147.17031187026
1906,176503.29387275377
1907,199302.4348051619
1908,108387.93354270842
1909,144074.79209173578
1910,121537.09914027253
1911,206811.02936001838
1912,253823.05750820844
1913,134596.0891293423
1914,64106.049266148344
1915,281703.48320791527
1916,67784.7553723746
1917,250775.89632411252
1918,145137.98736634696
1919,162525.0405410071
1920,164667.09609591457
1921,405534.4720326917
1922,314242.83069994434
1923,210465.11633072924
1924,244813.318956046
1925,204398.59227784857
1926,384755.6573920896
1927,123859.47642960852
1928,164482.5540487895
1929,121196.97574799675
1930,135608.93684065746
1931,144767.6870278359
1932,129080.19142552238
1933,162614.32567649623
1934,179853.0508092358
1935,165245.9941156195
1936,174097.26705492949
1937,184887.53584669108
1938,185960.65854598815
1939,242288.69713941074
1940,181429.93597387354
1941,171863.8534582979
1942,199263.60121103167
1943,191606.9559769395
1944,343650.3218198294
1945,390219.42127436143
1946,152627.1536120611
1947,350364.33196070214
1948,170490.43157141033
1949,243720.47587796277
1950,188883.43465118922
1951,246343.93043903765
1952,235084.20826425948
1953,171781.66050661742
1954,191344.46171457347
1955,127796.84845382764
1956,252790.16856059124
1957,154032.80788867816
1958,313923.93653730146
1959,144672.77519076288
1960,107221.76951735267
1961,120761.8971057545
1962,92622.74537883035
1963,97724.30254594806
1964,115149.30529371821
1965,143356.80008879743
1966,136583.93069263987
1967,289499.2491997056
1968,422069.49319885904
1969,387370.2588177314
1970,442496.32533755305
1971,452571.901369383
1972,395595.8494918208
1973,264649.1570338541
1974,322480.5985631687
1975,514621.3260884975
1976,265422.7436145201
1977,362781.31657427223
1978,353280.374462935
1979,334740.0888136317
1980,196195.3176545977
1981,338864.1012976571
1982,227359.31963723619
1983,194736.83623152573
1984,168822.89626421317
1985,212974.3920064955
1986,204196.16823175488
1987,174027.93073416819
1988,174301.32621764473
1989,192888.18775546458
1990,210529.53278071232
1991,235153.4825695829
1992,208292.37454318022
1993,161454.43093690963
1994,235896.13663785442
1995,191257.41648365837
1996,250400.95440501792
1997,298410.29059184284
1998,341022.7118347874
1999,259959.76371967304
2000,304555.5824212728
2001,266867.8409584114
2002,249081.27353703426
2003,255184.91572016425
2004,257794.98462815306
2005,218935.94677898905
2006,211549.37742567394
2007,260966.34369629843
2008,213566.42334005068
2009,194657.72619070334
2010,194867.33282884563
2011,139141.65572002935
2012,172564.29291705255
2013,179036.15014907016
2014,188837.74642185564
2015,213077.3880204933
2016,198930.62163754547
2017,204795.46852554946
2018,125747.40659189405
2019,137832.12656455935
2020,113386.0117819063
2021,113825.20536780903
2022,191211.77387485595
2023,156084.0382776006
2024,242335.08662229756
2025,364893.46281785175
2026,168321.21918875264
2027,158531.0514495365
2028,150481.18593930212
2029,172565.6098841299
2030,276318.4473873373
2031,215830.7759220674
2032,237517.12417495917
2033,268804.8430859824
2034,168566.14746572688
2035,218973.68176526375
2036,203399.25010403944
2037,211968.25562488343
2038,275329.0038737324
2039,201173.92515232053
2040,371647.9171121181
2041,274113.7525342705
2042,198334.58048168357
2043,172363.9908766482
2044,165010.46143525923
2045,228767.17151343563
2046,139079.0989580019
2047,141714.48573645556
2048,134555.61263762956
2049,140824.27542426347
2050,186788.04499097413
2051,110295.82753248242
2052,126225.73844220127
2053,139071.96896246405
2054,75764.8907407698
2055,158768.19601496184
2056,142241.52511158492
2057,114787.91875832176
2058,228067.6143528419
2059,145433.68068340176
2060,174861.77090836212
2061,174600.14701391268
2062,133245.49090255584
2063,111569.08450319899
2064,137695.34365493903
2065,114412.77291154437
2066,166039.90494894786
2067,137119.8889729515
2068,115445.17553390008
2069,84135.60347060289
2070,103056.76376010675
2071,97084.02030363164
2072,125211.47261767896
2073,134537.4535218448
2074,194446.41772486124
2075,146812.47506136083
2076,122740.54114891875
2077,165040.49058661552
2078,132051.39395083266
2079,133112.27789638453
2080,108353.03050443783
2081,129536.40635698877
2082,115458.13969419741
2083,140534.19485631335
2084,109269.77138951482
2085,118615.2250427493
2086,121052.00690388992
2087,122743.6657599487
2088,97715.31573523131
2089,84668.60516340985
2090,128547.45588529631
2091,118375.37101013174
2092,116021.2761843466
2093,133190.55842350793
2094,122552.48006192376
2095,149800.4705753537
2096,74856.4735725303
2097,92245.85667047823
2098,139245.074609292
2099,53136.73198299361
2100,87263.30578554391
2101,135447.99534877914
2102,119184.75988584229
2103,104400.87018662137
2104,132514.86442656754
2105,119832.15091579233
2106,62366.89502655858
2107,228589.83148971174
2108,109239.3285050584
2109,109641.8610177586
2110,123862.48569753904
2111,142574.11575572105
2112,147545.92886316372
2113,115116.44194254285
2114,114993.46939937273
2115,166846.91689998974
2116,121342.98010973011
2117,142727.9213031768
2118,134756.54494309408
2119,100001.51298188866
2120,118013.37029592595
2122,93777.81130032545
2123,93846.47849917499
2124,173441.13130945948
2125,126601.4144256399
2126,162046.4948069875
2127,137463.2512414572
2128,109157.30762806443
2129,96044.12070399501
2130,123122.24186523391
2131,122359.03709652612
2132,121493.03853072211
2133,121088.48952033959
2134,126126.45748362273
2135,93849.42223207372
2136,83463.37079473617
2137,106757.39396603624
2138,124862.129206475
2139,163505.9371825939
2140,140364.98455206904
2141,134776.50261960874
2142,123732.53374521295
2143,147105.50507693132
2144,106447.66166048776
2145,133406.56397762237
2146,164727.72946928663
2147,153438.49836783187
2148,129828.55731587298
2149,140076.48351754944
2150,225286.22591803817
2151,115303.52027278791
2152,189636.64649020156
2153,170673.2284904618
2154,105856.01315536712
2155,133323.74332929685
2156,237441.3391287341
2157,244408.3536563313
2158,249385.31472505408
2159,212086.92349906312
2160,171943.27110153713
2161,243648.66979838794
2162,401067.08020051033
2163,339905.2180037576
2164,246506.0705710408
2165,183650.03370028178
2166,136038.8661808124
2167,206098.7284590935
2168,202913.6069726291
2169,192030.32204815408
2170,225824.4432537411
2171,144678.68762515648
2172,129690.27545169507
2173,164558.49490304932
2174,230759.5274158371
2175,302352.92525912914
2176,336302.47373656824
2177,247100.2424978577
2178,202926.38534336534
2179,139491.96453052893
2180,220393.3065610371
2181,190841.95097829032
2182,213096.4994554458
2183,191060.0889243567
2184,120103.67306607109
2185,110977.52738323409
2186,140729.1072686361
2187,146441.24908276027
2188,155993.04280102285
2190,80735.64661747971
2191,89395.95516642336
2192,85628.6669784344
2193,105037.81626517912
2194,109216.43328900175
2195,105558.0436916274
2196,97632.02203877411
2197,104332.0923440331
2198,164702.65184289287
2199,184207.7368322166
2200,132257.6668437308
2201,150577.4363305426
2202,191004.94967851343
2203,157010.89828892917
2204,180921.25407414278
2205,111926.82772655932
2206,143672.00159995232
2207,199254.65381736055
2208,224231.8825603499
2209,210347.82901517776
2210,114789.86803458972
2211,114724.83760312576
2212,116667.98477280942
2213,91037.6106903847
2214,127870.30908413146
2215,102142.8192971765
2216,154627.1716406545
2217,79590.19184134869
2218,61025.96537887255
2219,64235.97173409927
2220,66886.64966057721
2221,281703.48320791527
2222,242679.88231344553
2223,297817.86302539427
2224,217115.00941969888
2225,136375.6042882122
2226,191983.01426849715
2227,206593.7092223409
2228,263379.69867459487
2229,231590.2163126308
2230,152107.44471754416
2231,203630.432602363
2232,177995.15819396268
2233,187288.35749309158
2234,246681.62845504287
2235,201670.30825171125
2236,279428.65315277997
2237,370329.6203349496
2238,201358.80129754695
2239,114158.02983334454
2240,164170.73511492024
2241,161096.5009775311
2242,116487.29212444481
2243,123561.48569916545
2244,97686.2174862844
2245,85154.7824022358
2246,137730.20296834642
2247,118835.59808588737
2248,126433.19358535628
2249,134380.0335580452
2250,131059.30533454054
2251,119383.38518127252
2252,172191.84948455464
2253,155586.17685954124
2254,171503.58961950286
2255,194221.54167015533
2256,175309.72226044248
2257,208209.79308876273
2258,166217.34092652044
2259,174127.73083786256
2260,162048.1945346303
2261,192495.53590856213
2262,200366.15168848098
2263,337893.6372638687
2264,521940.12012773275
2265,163740.84321863134
2266,316778.3784914049
2267,369044.50006161584
2268,402389.42378899135
2269,154079.0632508579
2270,181702.30119877984
2271,217030.54912750772
2272,202215.83705584359
2273,160367.34407669806
2274,181446.5481985525
2275,176134.7918142446
2276,188132.50637766914
2277,188299.49497625482
2278,140563.46505133473
2279,127500.4161874278
2280,112714.7063683059
2281,171946.77353257535
2282,202307.0645471946
2283,96104.05856708022
2284,111160.28081379592
2285,130193.36611711147
2286,120548.59469488266
2287,332208.1499707723
2288,268499.11761082103
2289,379130.9958351124
2290,461117.1195646373
2291,305698.4618115774
2292,448364.4924134341
2293,501217.96850532864
2294,411967.57958859875
2295,452416.8271233459
2296,299855.74467746407
2297,308414.6877786637
2298,310340.25293427403
2299,372495.88871966227
2300,349336.6555969425
2301,263000.1469746298
2302,239528.4536606635
2303,250706.69176494973
2304,236355.28496052817
2305,180993.34015023825
2306,183755.40550013044
2307,203943.4829499359
2308,223542.7132207238
2309,281380.96151005203
2310,199777.50329917276
2311,204193.85637243118
2312,168721.20327935755
2313,169009.59714621006
2314,155749.65529076234
2315,172483.60761385396
2316,192499.72220705816
2317,189920.90250512873
2318,175026.4226485
2319,174892.8222193053
2320,174674.41675513613
2321,241239.2600176979
2322,177559.13015339972
2323,182649.19195330917
2324,184823.2417467003
2325,220961.86928980247
2326,174308.5594011586
2327,208187.01446184496
2328,218522.20270006044
2329,191639.91853014444
2330,170998.95547994055
2331,349686.03839141986
2332,410071.97258316004
2333,324039.0626579669
2334,252804.54092826543
2335,283602.15801323793
2336,343919.87576976145
2337,203787.49550353386
2338,282978.221781061
2339,245643.34933304606
2340,383293.1300108075
2341,246886.98751133095
2342,247080.9838640657
2343,223157.9493669703
2344,226062.2437748772
2345,238596.3070888465
2346,194383.7063753646
2347,194719.37234376324
2348,226828.27516517547
2349,179761.53790488694
2350,261946.77312587542
2351,261225.79125141344
2352,263492.1877375864
2353,230761.03719099
2354,141473.70790378284
2355,146020.53385647168
2356,150006.70382043888
2357,188817.80752398734
2358,193149.92524291007
2359,128003.27959375322
2360,120656.93162361554
2361,142153.54208465733
2362,284617.2164255009
2363,129628.3628620207
2364,162457.24632084995
2365,223277.09900444798
2366,199453.6965972152
2367,232208.88023512508
2368,223057.76799684172
2369,227785.30614839087
2370,176879.3877235243
2371,173870.4062109016
2372,190558.31765863884
2373,283950.1216992607
2374,315446.09421072947
2375,231706.45658846502
2376,264596.0915509887
2377,354661.1089770024
2378,137953.07780553817
2379,199870.3740008417
2380,143650.71706610295
2381,172407.5750070855
2382,192587.4812567114
2383,207945.59139460817
2384,253623.19168915658
2385,160165.23723616844
2386,135676.32506876433
2387,135714.7335461214
2388,100596.90628987698
2389,127550.94787206053
2390,151506.81147469507
2391,133834.7739288368
2392,111712.2127001196
2393,173971.0934202477
2394,139922.20470021837
2395,193260.08119051243
2396,150223.69278953035
2397,214991.9832185673
2398,131846.9663087211
2399,75022.47049589724
2400,50888.56780828174
2401,106432.15712431801
2402,135636.35308494477
2403,139610.16973992367
2404,151335.28309978067
2405,162302.00294715265
2406,139154.7164952592
2407,125708.92017449072
2408,130317.15240954781
2409,126027.93261005446
2410,160982.98413574463
2411,123091.4958516762
2412,158126.63847428234
2413,132474.01663513164
2414,139057.1362730276
2415,136718.59500614746
2416,122678.9544526036
2417,126486.7983615841
2418,124820.60447359833
2419,134098.41523318714
2420,133168.3026561647
2421,143641.41112614964
2422,112897.11722093196
2423,115623.11114688241
2424,153847.2755504067
2425,220642.0030096242
2426,130793.67325204283
2427,122363.58808920953
2428,180767.78849982697
2429,120215.1943437378
2430,132697.1721376749
2431,131516.4541441447
2432,135215.2539939929
2433,144568.8884926006
2434,145305.6854038108
2435,156169.06802525173
2436,107963.82258269645
2437,110532.2106996423
2438,128564.44862173455
2439,101655.76373839693
2440,119669.69578923006
2441,96203.47303718336
2442,102086.1079517775
2443,117220.90853972686
2444,122467.16379521562
2445,80340.56866065948
2446,131098.15846261143
2447,181620.59979597622
2448,134202.0120841337
2449,89938.84489424093
2450,137694.174716277
2451,127399.58092539685
2452,227224.20504450912
2453,93667.44821943843
2454,123540.72885378194
2455,127957.67577898395
2456,129212.21964925324
2457,133056.21751694736
2458,131601.33791876814
2459,108726.6243025635
2460,144178.56665049063
2461,113777.73464123649
2462,140430.73531417194
2463,117614.40014375262
2464,180825.34148456444
2465,134150.6661997931
2466,109652.18541651101
2467,136565.8232647843
2468,82654.76456084487
2469,80445.58746393854
2470,181625.6162301125
2471,205138.53950803334
2472,169134.7470447861
2473,122241.031480166
2474,95200.70208983312
2475,224216.2440514834
2476,113073.52438557352
2477,128481.32659868861
2478,152922.14505624954
2479,115463.24093290075
2480,141621.51843274944
2481,134996.61114793512
2482,123916.34452335435
2483,118803.44194625903
2484,122928.04519377196
2485,119642.93392818152
2486,164354.76708651008
2487,217119.46265970691
2488,164480.5745722333
2489,153758.98846314303
2490,161535.71913938847
2491,79535.16465681278
2492,176866.72197555806
2493,153521.26044896428
2494,155799.8527105919
2495,84262.79854571074
2496,229934.64674399915
2497,154695.1658999427
2498,125136.66594858633
2499,91534.00264037655
2500,127802.27849877361
2501,128088.47813512154
2502,151698.81995630998
2503,97290.00963784814
2505,229320.127607804
2506,270638.2375124142
2507,300600.60607713345
2508,261258.48993113698
2509,211817.390141795
2510,223621.33428296345
2511,172926.14794244384
2512,204872.24240800034
2513,215570.31649423562
2514,225284.60344512295
2515,147813.19796937075
2516,169564.72163052447
2517,135703.37089117974
2518,153929.9809107909
2519,214292.60574642627
2520,208090.80001753249
2521,189318.3240904605
2522,223204.26654944426
2523,121175.29419823983
2524,134384.66157295718
2525,137266.92292746896
2526,135205.4981330846
2527,132867.38794152316
2528,130136.59035617961
2529,136619.4964568942
2530,118384.5901198407
2531,258104.091757017
2532,225715.7272995392
2533,195542.7774781811
2534,237380.67511736677
2535,337251.349794341
2536,246208.20316197196
2537,227538.22068304624
2538,179108.72666763933
2539,192211.68360099645
2540,177037.65645629604
2541,171555.18840508754
2542,164530.71268657077
2543,132511.6551289651
2544,108105.61503513284
2545,139889.09670769487
2546,118791.80746600743
2547,135747.3350163726
2548,146326.7841262966
2549,164787.9865134684
2551,129058.37221482619
2552,124184.83369617935
2553,89395.95516642336
2554,103069.2343053734
2555,117820.4056189574
2556,105715.16381212637
2557,104991.20318419127
2558,137230.69622533
2559,132416.7205769311
2560,137867.5143673617
2561,129359.45246695842
2562,115348.5489269163
2563,137082.60659918204
2564,195269.2632219093
2565,141084.53831408825
2566,154031.47313245316
2567,136880.74676201027
2569,199312.48050785973
2570,113387.69880003559
2571,170896.9321403502
2572,162316.8119408197
2573,217657.96524958697
2574,270530.8848474045
2575,122222.1241302829
2576,128423.85619709328
2578,82321.16503536247
2579,64510.70795777351
2580,125662.00830560808
2581,105586.68478419338
2582,113366.21001244085
2583,255242.61837369646
2584,171179.33151187058
2585,180111.57866172548
2586,214239.8781316179
2587,204666.20057523163
2588,142706.99748988106
2589,143539.70096903117
2590,209337.67278618697
2591,207600.1388031185
2592,210846.15489701158
2593,240040.07476000884
2594,178904.278002694
2595,185641.61184391318
2596,309480.8528871851
2597,176995.57572824621
2598,263166.229523729
2599,318139.7511496504
2600,136858.59457404062
2601,155219.48023060194
2602,85362.32542902384
2603,84732.69432637167
2604,78137.87348878683
2605,88163.7864654983
2606,147356.51284792967
2607,209075.52107051088
2608,189307.3572380969
2609,154031.47483344044
2610,108370.1141387186
2611,142508.90129124673
2612,157416.4088396748
2613,128394.7802609013
2614,129060.16665495481
2615,163675.07114287833
2616,140864.65989354684
2617,214589.52978806806
2618,195790.4014707331
2619,195282.4210592996
2620,192552.5691946891
2621,182610.73203644468
2622,178450.62375878307
2623,249611.661217203
2624,294886.15036620066
2625,310343.2554390513
2626,172917.1279237157
2627,173380.46604466293
2628,464598.91283231165
2629,563286.4050238592
2630,346970.5865468272
2631,464239.7831829474
2632,444468.5276434738
2633,344662.6184090483
2634,420563.2266960813
2635,154864.21684433482
2636,178521.92910147572
2637,168066.22790957417
2638,270974.6472576501
2639,191659.37221291725
2640,149054.43718469437
2641,112064.88455693581
2642,192585.6958988095
2643,96312.41457217615
2644,119280.65677327685
2645,92654.00540137765
2646,88800.70880559925
2647,101441.75826421124
2648,144682.27765029116
2649,135899.68092258504
2650,140034.82002458157
2651,150336.57544323892
2652,450385.26028869225
2653,265516.9142000544
2654,249636.91858056613
2655,410359.92656318744
2656,294268.1566666161
2657,342524.1219759263
2658,289419.1602540137
2659,298932.2875862188
2660,352639.5352413985
2661,361360.8874282857
2662,361280.2753093198
2663,290566.5791925297
2664,268472.4076604206
2665,318063.3701844725
2666,286587.2168251984
2667,166808.53943176984
2668,171291.10829795472
2669,177374.33858497365
2670,279027.51945119444
2671,179939.0979011601
2672,194884.62286772384
2673,205846.3512830611
2674,204058.38578386552
2675,151645.9676011635
2676,187408.87276212004
2677,192844.13870584808
2678,262509.9983847978
2679,291999.5720228645
2680,273631.6275745231
2681,423121.84440015844
2682,336825.32059869525
2683,588130.5535771976
2684,334730.3497337311
2685,350987.9317732669
2686,265346.3854397702
2687,346524.85188680596
2688,238868.2406047003
2689,186518.87938706987
2690,444967.3350971781
2691,186752.23701822877
2692,143117.83285187715
2693,198738.15285589363
2694,141474.98994020533
2695,192910.73994185426
2696,188365.74060958857
2697,187320.2564366811
2698,204497.75750564513
2699,188189.7620895578
2700,155891.24872301382
2701,150193.693367706
2702,119026.4333452824
2703,114337.77456607854
2704,139728.86175900177
2705,117679.83082624216
2706,113138.9634787281
2707,118502.67608159353
2708,136948.1564251657
2709,101830.85312135472
2710,122249.39178916904
2711,265842.6719745399
2712,390618.1919769337
2713,156615.57158649754
2714,154652.69450877447
2715,170063.05002873883
2716,150363.00147627844
2717,181043.08038313646
2718,227672.74061275518
2719,154672.05048648192
2720,177192.0251674406
2721,131707.7343108272
2722,167687.62590650172
2723,141120.56216251838
2724,127734.66182443131
2725,132406.7914374313
2726,138256.00052908884
2727,171126.18855618424
2728,170229.68968992308
2729,144141.8384641761
2730,141130.62951197877
2731,127735.88859209666
2732,116602.94174585927
2733,155006.48048923106
2734,132457.9222870445
2735,130391.32974808407
2736,141345.22683036656
2737,123309.32019258577
2738,138288.29273521295
2739,171889.56428393754
2740,122995.90780412401
2741,146921.64421481223
2742,145493.07803109818
2743,147471.6798519417
2744,151590.12630126218
2745,135617.35362430126
2746,137000.84902406915
2747,137160.49794687287
2748,104743.21215026763
2749,131993.40585623615
2750,140954.91331730215
2751,149121.54364540742
2752,201391.31804838573
2753,157000.17455703396
2754,238884.51898274198
2755,132060.6896353442
2756,102237.42339108407
2757,80684.75783821651
2758,85337.72579938464
2759,143231.02249743353
2760,135458.2458951357
2761,147755.9970855092
2762,149250.38257944453
2763,188078.373193014
2764,151704.96578663844
2765,275745.9947734911
2766,124650.56633552579
2767,88817.20967451452
2768,134460.07590971343
2769,129468.73357596339
2770,147225.75798885027
2771,125982.69138606636
2772,114872.66206036511
2773,149509.70091050264
2774,131566.16505683516
2775,112490.92829017506
2776,132181.12585787993
2777,131244.91508932706
2778,98894.76061303394
2779,117474.6753815398
2780,96997.82744191981
2781,92186.35914960284
2782,89878.00538320914
2783,101917.2425187971
2784,116452.46500714406
2785,119254.09268603535
2786,64730.799671641464
2787,116167.34551522991
2788,74682.22211861411
2789,192639.19737999083
2790,86161.51420687366
2791,105366.81023730195
2792,62612.10855306066
2793,177373.24903987275
2794,101287.7823947879
2795,123453.60700004711
2796,107969.24449420453
2797,190398.9046694373
2798,105200.39977516397
2799,121255.4083976299
2800,65310.92547911599
2801,105873.6464915503
2802,132444.7301968838
2803,125356.47300599785
2804,133070.72579625694
2805,96333.652457271
2806,101933.23507568683
2807,156007.35620820386
2808,150152.38868090502
2809,133511.87136033067
2810,130212.36893838237
2811,158214.92320544118
2812,148258.52397153823
2813,157385.11235999712
2814,147561.59116903372
2815,121732.67850891534
2816,248488.90399010503
2817,153936.38685040374
2818,123322.67918012005
2819,160140.2311246913
2820,141055.9815591535
2821,105531.07713933097
2822,206144.20050143875
2823,264558.1876533702
2824,176821.39626146626
2825,137425.260411219
2826,123857.06773577351
2827,135567.89694143625
2828,239660.07179029766
2829,218869.24765594257
2830,218885.45849009082
2831,175807.5117089175
2832,228162.38147880268
2833,294074.5582839301
2834,214810.71329023095
2835,215140.3178253668
2836,196147.97507499598
2837,162844.86527424701
2838,144108.2655345233
2839,170356.72417766257
2840,195583.63699362337
2841,200048.31753071642
2842,236246.73258924423
2843,143240.08277151475
2844,164364.30763291536
2845,117602.68795301569
2846,205580.04891870593
2847,202624.6711979098
2848,209445.2585724061
2849,202049.06277410412
2850,287603.6662130717
2851,232941.6593730837
2852,230962.56808244044
2853,240150.395496139
2854,147399.35635391565
2855,212618.50223399457
2856,205821.08986621082
2857,192181.3626134025
2858,211162.9899327409
2859,130169.59391098749
2860,132103.72275781707
2861,134993.25925139216
2862,191470.13671841196
2863,134247.58895582208
2864,266657.6155156926
2865,132038.47167779488
2866,134383.37590271462
2867,86115.39001269809
2868,117430.42493883909
2869,100541.9924767294
2870,133624.04638155844
2871,83407.1278247599
2872,57114.15503526245
2873,91948.08817646351
2874,161526.5761783039
2875,112125.68517702284
2876,149358.05451419318
2877,129629.36589448385
2878,156959.3419223494
2879,148414.4610643301
2880,109457.97807769664
2881,161960.24046987825
2882,171820.2726652353
2883,187084.59576937134
2884,168451.3228075429
2885,190018.42775769177
2886,214056.98385203577
2887,92622.62296710144
2888,123894.10189812633
2889,57820.403325648505
2890,81989.5325595674
2891,146600.07784907758
2892,46121.765858819206
2893,90695.91408968162
2894,47600.36049073179
2895,300172.53625919885
2896,273856.93330330617
2897,199194.9812477677
2898,143568.93747553584
2899,205460.89239851793
2900,165490.8015083849
2901,188921.21517765435
2902,196150.97152945976
2903,331827.3536178511
2904,345907.0002803924
2905,95887.13982533677
2906,206134.58275150583
2907,106295.64706011988
2908,137894.09074319908
2909,168183.83382486447
2910,79176.8613360711
2911,84708.1528329568
2912,154242.5011727383
2913,81764.66682256317
2914,72726.56734986888
2915,76236.65948809274
2916,79303.32486625564
2917,167378.30439466579
2918,120844.77670752467
2919,228601.30317137556
